Sector Time Series
Universe Name: S&P 500
Factor Code: SUEC
Factor Name: Standardized Unexpected Earnings
Display Name: Q5 Active Return
Weighting Type: Eqt wgt
Created Date: 2024-07-25

Date,Energy,Materials,Industrials,Consumer Discr.,Consumer Staples,Health Care,Financials,Info Tech,Comms,Utilities,Real Est
1998-05-31,,,,,,,,,,,
1998-06-30,,,,-0.0712662891465167,,,,-0.133999716127565,,,
1998-07-31,,,,-0.031629941065374,,,,-0.122735554071058,,,
1998-08-31,,,,0.0899709109716144,,,,-0.072792609171648,,,
1998-09-30,,,,-0.193698070543813,-0.030403081557206,,,0.44909965736653,,,
1998-10-31,,,,0.02419171879525,-0.136780303289391,,,-0.13855317408462,,,
1998-11-30,,,0.0308737184502755,0.0625630676455854,0.0587821416892868,-0.00411349815995953,,0.0396676566107268,,,
1998-12-31,,,-0.0511145960136851,-0.133978554577646,-0.0318015377304657,-0.156291871730355,,-0.200332127179338,,,
1999-01-31,,,-0.0530826614649294,-0.01733869809504,-0.055672971022883,-0.181068126165133,,0.0723076886405239,,,
1999-02-28,,-0.0976924177539981,-0.0689724548000921,-0.0332331160200831,-0.0477382835177526,-0.0454253399644187,,-0.0657903115236451,,,
1999-03-31,,-0.0634243366935542,0.0443938853009236,-0.035831201536256,-0.171279175086857,0.120570394164592,,0.0708963141382109,,,
1999-04-30,,-0.0746723419365313,-0.0908704055471002,-0.0962157990669362,-0.0426732546347809,-0.0415816316813032,-0.147701449140803,-0.051456552244392,,,
1999-05-31,-0.0235726236247223,0.0111658182214077,-0.0315472975070731,0.0147200593474311,0.0429636365354808,0.0243060520866551,-0.0136134287042122,0.0541782456939261,-0.0916656658235295,0.0111663850648644,
1999-06-30,0.00238260998509168,0.00486666072208555,0.00168861919686761,0.00805421335538269,-0.0271274950375726,-0.0302821183103758,0.00817634288569006,-0.0731084725659041,0.0339192402028397,0.00338486784010694,
1999-07-31,0.0252739904612334,-0.0321814250498247,-0.0499036429293053,-0.01788180562493,-0.0581351475443677,-0.00832403084888057,-0.00990914597274338,0.0317659247110054,-0.0109458769463133,0.00131933402003601,
1999-08-31,0.0496800655602199,0.0130797029004981,-0.0028663652319901,0.00425555530203354,-0.00801324622580687,-0.0248595795236489,-0.0149885474798853,-0.0347791098002306,-0.07260630947161,-0.0306546795365854,
1999-09-30,-0.0437472238980035,0.129510391505548,0.00775584576552368,0.0155133093773974,-0.0083241578142822,0.050460476473462,-0.0205438537582324,-0.0217425922529486,-0.0294859408329356,-0.00363255903795068,
1999-10-31,-0.00736748273048185,-0.0225973660173401,0.00855612748258418,-0.0799844087813811,-0.0436665641345996,-0.0256942719364515,-0.0191082378701421,0.0473276495783346,-0.100470475816405,0.0370200722456412,
1999-11-30,0.0420596119523878,-0.00473007084113396,0.0260953425891324,-0.019278597602828,-0.0293621023608098,0.0257160589031267,-0.00201302397553851,-0.0117008420111841,-0.0414103783598483,-0.0229466186944547,
1999-12-31,0.0627281378149472,0.0644162696482269,-0.00822715037820938,-0.0574794056114233,0.0855385646263876,-0.0203396167797664,-0.0334458139973679,0.0294021549996807,-0.0754153034238253,-0.0382237488964497,
2000-01-31,-0.00254907143832655,-0.0703499730991289,-0.004770679300513,-0.0286409101581378,-0.0391028931330655,-0.0673393550322522,-0.00871953578273058,0.0137843870191088,-0.0757394642857726,0.0281753105956853,
2000-02-29,-0.0448089215413546,-0.0248511056834516,-0.000270508539287728,-0.0389135076930192,0.00895557964244764,-0.0464774938492685,-0.0180356792741422,-0.000386098178831895,-0.125214592630629,0.0189552530289437,
2000-03-31,0.0535912604901107,0.00976736212744084,0.00389904762544097,-0.00578511869802283,-0.00216337353423103,0.0025433095426728,-0.00129096864846712,-0.0470977608901825,0.162783428615761,0.0269463546572333,
2000-04-30,0.0427175044028629,0.0645208187059834,-0.0126948351332922,-0.00714658490767158,-0.0567185263590458,0.0686073599492044,-0.0144277385649154,0.0109495005375445,-0.0737141778384603,-0.0372169930430982,
2000-05-31,-0.032993776229347,0.0624092602404091,0.073774141335207,0.0508037031014206,0.0599178364333867,-0.0263385890864466,0.0979353099681532,0.0171977188995163,0.174358178121838,0.0276223408037251,
2000-06-30,-0.010657695413667,0.0233682848674636,0.054735480476408,-0.0733543195815398,-0.0173854194790259,-0.0121511960111702,-0.0375396312758731,-0.0524881084744225,0.0274749066984206,0.00719097532851504,
2000-07-31,0.0159280994067676,-0.0675826440360884,0.0198977964592823,0.0699920781476832,-0.0576838172275407,0.14171131857845,-0.0257038944795047,-0.0143332332416047,0.091187068237635,-0.0401530290685461,
2000-08-31,0.0083153592072211,0.00752212954399795,-0.0404632145224587,-0.0215024246507447,0.0879579818145108,0.0498403470891481,4.08325052122099E-05,0.0169191848319896,0.00938702161716494,-0.0430461449098122,
2000-09-30,-0.0383521859975819,0.00543825417542693,0.0346164920218965,-0.0159749465187596,0.0128945575467218,0.0107524867070096,-0.0350312379682391,0.00339658699992199,0.0163510003021881,0.0197092506400691,
2000-10-31,0.036023364742166,-0.0626139901317576,0.0229991343050589,0.00596776387946945,-0.0282066358023008,0.0917745731392317,-0.00497752222815714,0.0159416390381606,-0.0162766039860628,-0.0256069431299062,
2000-11-30,0.0102469339296666,0.0317113595538941,-0.0618405768790796,-0.0248623222026059,0.0144619625498061,0.0471825006838116,0.031254536629497,0.0293564634272712,-0.0107823097917573,-0.00425329977647546,
2000-12-31,0.00641859117598007,0.0534971686905284,0.102171181436026,0.0610447952263747,0.0262021746942698,0.038269168032552,0.0577526077364955,-0.0211606079166635,-0.0357848947961399,0.00093772855672046,
2001-01-31,-0.0129147618152037,0.0470449311402943,-0.00770219438482097,0.0896335368323967,0.0276589910409555,-0.0110683039154281,0.0510072390320851,0.110338750908222,0.104128534200893,0.0186124325947748,
2001-02-28,-0.0360698166048352,-0.0388618243345953,-0.0107314026981386,0.04090430261122,-0.0372373699816502,0.00647284955890818,-0.0822096620251017,-0.0264815215484532,0.00941341876038956,-0.0412127059416192,
2001-03-31,0.0196128144585508,0.0136157095810077,0.0129963470370991,0.0108781439488371,0.0235460135204685,0.0204726254165542,-0.0645681081535612,0.11666311873554,0.0643319337344844,0.00206391294481888,
2001-04-30,0.0163203203501797,-0.0329898054345801,-0.0260754697588586,-0.0503308371115036,-0.00650592445323658,-0.00727285282802162,0.0528635709226421,-0.0320676859325775,0.0351177938074612,-0.00111951680553599,
2001-05-31,0.0234490592799378,0.0128348501850848,-0.017133479054728,0.0424732262784588,0.0592918883458796,-0.00681425875156542,0.0179677060380528,-0.0215023540093017,0.0112986624417474,0.0570401102102334,
2001-06-30,-0.0529432394251263,0.0174812320928906,0.0246076217614614,-0.0382666061248692,0.0240840633885447,0.0126084967919097,0.0141122478946242,0.00696069776426017,0.0593387327340398,0.0343166790669358,
2001-07-31,0.0124554888472515,0.0367279888571922,0.0252258977893124,0.000474323722232734,0.0473598563548959,0.00988961994244927,-0.0166293575881396,0.0515438970702661,0.0141004851936614,0.109152476066815,
2001-08-31,-0.0502768844944924,0.0144330260828349,-0.0168355789139191,0.0187917765533614,-0.0231615194228424,0.0224589695518679,-0.000179072603420261,-0.00991050277823577,-0.0796152724524551,0.0339704152751387,
2001-09-30,0.0116688062208602,-0.0221308441666491,-0.0116235449716472,0.00039020394637429,0.0265198636136815,-0.0118380175523516,0.00704895184577509,0.00927035587787425,-0.11301909987742,0.0448872893430379,
2001-10-31,0.0454391009743976,-0.00320127638866037,0.00224491774256817,0.00334910733569551,0.0375556325541365,0.000589758256844232,0.0298031206779606,0.0044600514109942,0.0742256982857562,0.0179797378622437,
2001-11-30,0.0194773785954223,0.0416703769667762,-0.0510204163224989,0.0346445768876712,0.0134179783201227,0.0381352024727708,0.0365393217143699,0.023463091215846,-0.0575565138419256,0.0336501549102775,
2001-12-31,-0.00534571472111001,-0.0240865584976123,0.006767716192412,0.00123087617910693,0.0118453147126275,-0.00901503536088166,0.00618464774407724,-0.0587789625154786,0.0663934381718928,-0.0174236860241678,
2002-01-31,0.0448210822268485,-0.0243744014482489,-0.0223273267249743,-0.00301130128983129,-0.00337704331055884,-0.000369118256335264,0.0284989298629129,0.0524538778593072,-0.16192572119361,0.0618086762537462,
2002-02-28,-0.0141701546400363,-0.00123055498378321,-0.0308093710105879,0.0303895834128432,-0.0319263292016691,0.0189105125866187,-0.0303276617253871,0.0406290800771988,-0.148166976777282,0.034976449032613,
2002-03-31,-0.0115943642983613,-0.00908320846593495,0.0383273777886515,0.0251349421534197,-0.0262837300923882,0.0330486402202858,0.0747839948471018,0.0365683246042553,-0.0293220549172197,0.0123331674104164,
2002-04-30,-0.0143680951125194,0.0306073802792226,-0.00413113261964614,-0.0184153077821085,0.0174440476715837,-0.0404677889390424,-0.0366092160017573,-0.0185613895571838,0.154352152917281,-0.0185763753144929,
2002-05-31,0.0204404404233382,0.0144056862439864,-0.00870478557977082,-0.0173299581310671,0.00162451820800683,-0.0362779892077293,-0.0137584902663986,-0.0187921449214035,-0.137880541545442,0.0474630685489046,
2002-06-30,0.00216045057598335,-0.000404819419527948,0.00370085103388285,-0.0517473373897534,-0.0249807011929987,-0.0332654319991949,-0.017592888820586,0.0142431410256956,-0.242837077001641,-0.0322441000668027,
2002-07-31,0.0416106797070195,-0.0210349158121351,-0.0185426985893349,-0.00345493920745686,-0.0236420964682297,0.0250762704068406,-0.0401705708442341,-0.00425847044779837,-0.243652708499607,0.0634781958477199,
2002-08-31,-0.0108361966055177,-0.0270387036488973,0.0196163688877096,-3.64714748813692E-05,0.0418150963527465,-0.0124436114948695,-0.032073869219429,0.0633716499608011,-0.24993840501871,-0.0155918771975629,
2002-09-30,-0.0494380482151557,-0.060146711023386,-0.0240491839069379,-0.00525799702471433,-0.00606973628182383,0.00393488890954179,-0.0248006295592393,-0.0703114526500116,-0.192501063686709,0.0279522068931469,
2002-10-31,0.0112929566142078,0.0086003866431115,0.00716537625218352,0.0297339059790229,0.00574519151889927,0.00439379401386746,0.0190153367414733,0.0342997718232773,0.212369865769619,-0.0556221745267048,
2002-11-30,-0.0089458288148925,0.0761841417509563,0.000696750241036076,0.0280919002505731,0.0462649465962364,0.0855081578087997,0.0424560825515705,-0.0138712380982355,-0.0837243016803481,0.074258908443829,
2002-12-31,0.0176407256087096,0.00398133293330011,0.010465394178073,0.00286669819579462,-0.0513863337487541,-0.0263547017766847,-0.016460563152308,-0.0425935579805699,0.0147335817934127,-0.0221929648525026,
2003-01-31,-0.0395261112506459,-0.0160311856510525,-0.00498717368430743,0.0195637345892709,-0.00687172469830533,-0.000234111943545792,-0.00653080807910217,0.0105602651271105,0.0220742003370266,0.196282487634811,
2003-02-28,0.00932775636245877,0.0210868760985227,-0.0236557699815702,-0.0255080870801028,0.0199577361066658,-0.0146301921677205,-0.0159620034251212,0.0106291483241454,0.00600610526356141,-0.0176940214727641,
2003-03-31,-0.0145334449673824,-0.0228826010240128,0.0263520774537713,0.0180422036402419,0.001894948942026,-0.0782679441286337,0.00695591843899402,0.0326338138168018,0.0578137567930151,0.0769852625819183,
2003-04-30,0.0498492427666732,-0.0132273553429118,-0.00894511278517729,0.0432396672180786,0.0317575333603161,0.103863487990591,0.0436027998684972,0.0627469870989493,0.0289934343218695,0.0772144893770079,
2003-05-31,0.0288864716183473,-0.0140125699566827,0.026017864930004,0.0102133134850367,0.0192351455705818,0.0577781287062239,0.0229856532749623,-0.0328111793692707,0.0621272536971977,-0.0220495070277849,
2003-06-30,-0.0282082089958374,-0.0244144535788939,-0.0175073521114063,-0.0229604860727082,-0.00412435748406678,0.0183303809700002,0.0236225454550721,0.0183336257082004,0.0770458133416082,0.0363539089361714,
2003-07-31,0.0115597527128545,-0.0232289733102945,-0.0193736201243107,0.00881399470809959,0.021023974904472,0.0348905413611129,0.0250443846102643,-0.0271927660664702,0.0241074455259337,0.0184399090878753,
2003-08-31,0.0349545836448511,-0.0172545189484887,-0.0306954905727835,-0.0113327387902898,0.000386245433016682,-0.0046041453644168,0.012693453069032,-0.0343908921506324,0.0439082468985977,-0.0452320856271115,
2003-09-30,0.00429421478628932,-0.0307020326238892,0.0319044990503491,0.0153586027949116,-0.013882320926689,0.0218035902552767,-0.000995013039708647,-0.00770157943853934,-0.0809814398174336,-0.00492573011370204,
2003-10-31,0.00471409276159179,0.00592625348372855,-0.0381534938041237,-0.0124552140217928,-0.0351932307084012,-0.0740160421444784,0.0257498767658712,-0.0229536881632797,0.0343309775221826,0.0248520253161167,
2003-11-30,-0.053828425763665,-0.00223801900158049,0.0225505046123273,0.0206433402772564,-0.00673649260970339,-0.00945704365976073,0.0197634523169539,0.0452928852070334,0.0240429244996542,-0.00271893863031724,
2003-12-31,-0.00744536728523179,0.0957763419494065,-0.00602665375650936,-0.00109238420865029,-0.0225950445384445,0.00173167999993021,-0.000785653186302054,0.0344814031181133,0.0748207334141775,0.0237076180322998,
2004-01-31,-0.00249492839357502,0.0263887712823198,-0.00656154680510825,0.0349221257451943,0.0217332203563549,-0.0218257634079134,0.00301432475152858,-0.0217314099418808,0.167287684272197,-0.0149477661061847,
2004-02-29,0.0123925879875676,0.0199962113339441,0.00915591346449586,0.00455602852978823,-0.0287962411772885,-0.0220224568599547,-0.00037288550234111,-0.0118580214504714,0.10742411003583,0.0222975989746759,
2004-03-31,-0.0516316794686581,-0.0424382708349712,-0.0266351152847316,-0.00107781010994667,0.0165911287739477,-0.038602880000252,0.00952179718362877,-0.0220035790837484,-0.0134580670174367,0.00460284568705192,
2004-04-30,-0.0139497419698882,-0.046309375828098,0.00452234647077347,0.0102664911983511,0.00289898049361414,0.00379428307656206,-0.00543582496991863,-0.0181339224783525,-0.0162919612532522,0.0101494861908593,
2004-05-31,-0.0130091411829273,0.0191573039605999,0.00442997150449607,-0.00824133559745126,-0.00634960343929961,-0.0351774138231599,-0.00275345972191565,-0.040309676466853,-0.0263175551544813,-0.00278018258385969,
2004-06-30,0.00436210406866,0.088777223456387,-0.00341365329999015,-0.01228229919027,0.0110026196072427,0.0190297943141753,0.00361728907369577,0.0268774962998887,-0.112654844304638,0.00486657431674389,
2004-07-31,-0.0044588709826488,0.0492961536076199,-0.0464646484497908,-0.010521312469282,-0.0360245835276946,0.00173529502238351,-0.00259637648232858,0.0224358481700008,-0.0103178149183944,0.00317612768618444,
2004-08-31,0.0294661464831033,0.0125622581457903,0.0325617193176528,0.00454231766918525,-0.00421320378871102,-0.000296737879337896,0.00283367835181996,-0.0150636368895328,-0.117884998210326,0.00194768927511592,
2004-09-30,0.0140680665247608,-0.00390974068205632,-0.0231642235206796,-0.00454313310922764,-0.0107378052235088,0.0129950500729603,0.00317895313780525,-0.00776749978516462,0.0729818952456869,-0.0338132610093273,
2004-10-31,-0.035989296216087,0.0148059174132565,0.00986469946612731,-0.0134348361368617,-2.02877606367245E-05,0.00828817392722296,-0.00207614124004522,0.0188877923532631,-0.0141529193299803,-0.0219772432644893,
2004-11-30,-0.00659492275068789,-0.0176027181536582,-0.0165411509832456,0.0271073734865381,0.0131485694485819,0.013780575577242,-0.0229593060917522,0.00742651699802299,0.0599876227123157,0.0870295894576983,
2004-12-31,-0.0230316335224084,0.0438428770065115,-0.00205165160500818,0.00959493542336389,0.00936920460542696,-0.0129419322444237,0.0208750013817312,-0.000765669676700928,-0.0370743783376343,0.0106905586514677,
2005-01-31,-0.0091626334878283,-0.0265112577443068,-0.00397735307192081,0.0103712777780962,-0.032894256298301,-0.0347316979541227,-0.00965508946510184,-0.000735905184938102,0.0182659197211559,-0.0324152207045894,
2005-02-28,-0.0507313568128654,0.0211399762415699,0.00186523135188231,0.00541621490277568,0.000283143030414644,0.0163715091302003,-0.0169577293373957,-0.00597565811635658,-0.0173480391771568,-0.00425920646305194,
2005-03-31,0.00678657768058342,0.0389954773475842,-0.029991676533673,-0.00326518397932667,-0.0268304653735055,-0.0261749747085641,-0.00666469837840186,-0.0180015422717979,0.0264887451176732,0.0091267462725268,
2005-04-30,-0.0217373895119679,0.00828482589818724,0.012092299218532,-0.00665888068306861,0.00951322596383048,-0.00138746261934908,0.00551329383227794,-0.0135108699009712,0.00937397147968761,0.0107629561490738,
2005-05-31,-0.00195963807878063,-0.00823064800581784,0.0125856124337006,0.0831047854414982,0.00576892777187448,0.0282689376233403,0.0140873658346371,-0.0139960254923689,0.0259385392713412,-0.0261969395125086,
2005-06-30,-0.0140676410973184,-0.002950343190616,0.00909728720937906,0.00134233149137618,0.0434923678251714,-0.027828668375262,0.00717273761454286,-0.0105868097194461,-0.0165092938463239,-0.0204291372529445,
2005-07-31,-0.0223651687363384,-0.0391028077927345,-0.000918153679776289,0.0325446465638827,0.000651091639908206,-0.00400428275545032,-0.0155607554493385,0.0224233601578097,0.01445818679539,-0.0134745614531848,
2005-08-31,0.00104292758183747,-0.00744079949494341,-0.0124569612557357,0.014167944492803,0.00266883995497631,-0.0151157962259135,-0.0070713147784497,0.0352160165725144,0.00176058804582646,-0.0113838475641778,
2005-09-30,-0.0238058717778794,-0.033240515565483,0.00535727697068801,0.0072217465726275,-0.00654821305358561,0.0378772082494412,-0.00388080890151968,0.00731145342294576,0.023869395283231,-0.0317458994947474,
2005-10-31,0.00248124762285111,0.00514031493026122,-0.0136637365136407,-0.0152902243395425,0.0120198371457844,0.0101773354037437,-0.0108162032433081,0.0175660213759571,-0.00460763752796675,-0.0110245356721103,
2005-11-30,-0.0215110406000497,0.0223635171136856,0.0225835426377183,-0.00448491882189551,0.00926695448537567,-0.0055885271189036,0.00752283911715044,0.0162019427816668,-0.0232484188372206,-0.0674378266114512,
2005-12-31,-0.0176201768858209,-0.0272131715466231,-0.00851635789604425,-0.0168171701336671,-0.0133343700243888,-0.00518054725800231,-0.00842953945375194,-0.0194165909160069,-0.0235957517619315,-0.0643316061414795,
2006-01-31,-0.00914679796374532,0.0720688093156703,0.0109785462330299,0.0336041631636808,-0.00273966245053055,-0.00232146723995719,-0.00316119643663641,0.0282598010486179,-0.0235167824742942,-0.000690610609634774,
2006-02-28,0.00170233715811703,0.0108399572401328,-0.0358163261014491,-0.0446233692655452,-0.0131739486818529,0.0325925318511256,-0.00546064711809421,-0.0277377473310959,0.0190409262011347,-0.00121983287466483,
2006-03-31,-0.0195848771404047,0.00418929825312403,-0.00860937182746932,0.00847024959237313,0.0129148398576829,-0.00686910009448187,0.00756497945542348,0.0217468601556272,-0.0331848890462979,0.00694112579352455,
2006-04-30,-0.0308518318749336,0.0243462964359808,-0.00857837958155729,0.0260890326628264,-0.00861879731148042,0.0216247340384051,0.00383646418177685,-0.0193602936844421,0.0193015973810595,0.00858577017468933,
2006-05-31,0.0489155410308908,0.004113626191111,0.0109934747442914,-0.00643848365105673,-0.0102212920475689,0.00753748699319686,-0.017453093499982,-0.00295169221162152,-0.0193686148606222,-0.000139267984868982,
2006-06-30,0.0822043811214117,-0.00867425591438629,-0.0149921415080515,-0.0182589260772343,-0.0198411321402174,-0.012913523227783,0.000204716126789375,-0.00546863203798668,-0.00608181031911367,-0.00172482908452721,
2006-07-31,-0.00629657532629851,0.0344294962473442,0.000425637116803226,0.0385406199675519,-0.0313603924298698,0.0192633231997969,-0.0121596563711075,0.0296562443572776,-0.0533616555339291,-0.0222781141824777,
2006-08-31,-0.00289300704878165,0.0254246423172762,0.0313154573700377,0.00664805293809675,-0.00460507134638689,-0.0102967185658636,0.0297764360214558,0.0208859667378708,0.0485222882993279,0.00284918669482282,
2006-09-30,0.0227059670803631,-0.00721463172013888,0.0176019250450847,-0.00137673592566758,0.0224886776556808,0.0140099767957042,0.00698758254460797,-0.00546845214275265,-0.0117889207194589,0.00738725477875131,
2006-10-31,-0.0109558063129737,-0.00413666054222771,0.0515580981337704,-0.0178141724793558,0.00718520066379128,0.0272670516919218,-0.0153925591651309,0.0289060060537969,0.0380300563524383,0.0291254874527639,
2006-11-30,0.00734397522315129,0.0138077345509154,-0.0221707057033129,-0.00485330349063555,0.0257859535051256,-0.000115601981405947,-0.00481346521409111,0.0200404851298286,0.0338000962682232,-0.0102963461481148,
2006-12-31,0.0070966924487562,0.00829836538597298,0.00121800032974182,-0.00863842762762613,-0.0252061283642802,0.0209350829990894,0.00782175285211416,0.00223990959477038,-0.00867234681909951,-0.00383783685627379,
2007-01-31,0.0489559533156723,0.0116245105216499,-0.00326602479668163,0.0301338254960374,-0.0279437696050621,-0.00246965510282381,0.0212784662662026,-0.0211654162540665,0.0123520523913636,-0.000729618394099118,
2007-02-28,-0.0318742393362588,0.00109028740176578,-0.00198091619999878,-0.00523757499777202,0.0138044584538769,0.00905256759093577,-0.00777435499600312,0.00273313813328535,0.00311740584470135,0.0220821940312393,
2007-03-31,-0.0217479170236743,0.0305585741408261,0.00490887015234867,4.95647564668551E-05,-0.0208931846712277,-0.0114015547333438,-0.00632893225219175,-0.00800932618068961,-0.00673019403492149,0.0343081508116254,
2007-04-30,0.0125807726390841,0.0128063283119531,0.010987921468336,-0.00182524520734095,0.0124648861023306,0.0794812951032112,-0.00341059472924167,0.0194766069447834,0.020906882351651,0.00218795922491092,
2007-05-31,0.0158844795696102,-0.00517566034281698,-0.00457584974161076,-0.0202706296467782,-0.0112466121924996,-0.00354707184812901,-0.015021435199687,-0.00299719280933556,-0.0698592865832711,-0.0175672622103325,
2007-06-30,-0.0250049167484596,-0.0116536553502218,0.0176610634921293,0.0508066332128471,-0.0156768447394341,0.011957271435084,-0.0154999475703918,-0.027860058264262,0.00647663172185826,0.0247440446333203,
2007-07-31,-0.0424678038566333,0.00457487533712677,-0.00775704332163415,-0.0396523307660335,-0.000596255485632496,0.0268836386647655,-0.014200589652112,-0.03843353907307,-0.0140880840777286,0.0199416542591651,
2007-08-31,-0.00373201954349106,0.0186429405289932,-0.0152982330501043,-0.012208553741582,-0.00781716583010793,-0.0147077025867971,-0.0207311524286299,-0.04174864465501,-0.00640686581474451,-0.0122957648126052,
2007-09-30,-0.00926176588754658,-0.0541738720840978,-0.015699694053666,-0.0332620575443057,-0.0367315130668171,-0.0180767325549491,-0.023407449833978,0.000214944312821905,-0.000827311437182867,0.0105428155480848,
2007-10-31,-0.0365892999001858,-0.0191928011899268,0.028082774539878,0.00448656999131716,-0.00338575965146986,0.00918631200674165,-0.0237769733886647,-0.0392192731393505,-0.028513156232935,-0.0274882827627769,
2007-11-30,0.027636840814915,0.00806049985215284,-0.0287729626636082,-0.0276247837376486,-0.0132323964236593,0.0496291126316422,-0.0266549224392876,0.0171897055292799,0.0341738609709427,-0.0257483690442539,
2007-12-31,-0.000189146985847946,0.00783257511013613,0.0463178298731965,-0.0188216919283415,-0.0277080514387135,0.00595913230584669,-0.00168777337897248,0.000616235541722756,0.0591434128258071,-0.0102676870718284,
2008-01-31,0.0113438263287133,-0.0177341116121289,-0.0118550451833092,0.111455751459887,-0.0208502116679574,-0.0513877889304521,0.0321638721906821,0.0268711120820601,-0.033074012264851,-0.00102611868762577,
2008-02-29,-0.0354519822730647,0.0135410712608179,0.0202256995406189,-0.0342035249665789,-0.0278820924330787,0.00741433035203894,-0.0377312262223292,0.00337910730591327,-0.00728737661084013,0.0167521467405004,
2008-03-31,-0.0183371726670643,-0.0286172188813003,0.0191452405549534,0.0140828061211922,0.00577027688973304,-0.00595271728847648,-0.0837747967038724,-0.00979276494839341,0.0185177123540913,-0.00464513726558247,
2008-04-30,0.0134420255381672,0.0541151338323446,-0.03428383461957,0.0132162373232622,0.0670687881261435,-0.0304180970525128,-0.0483684309984848,-0.014239728223764,-0.0393429101297432,0.00521440296048485,
2008-05-31,0.0105429632816617,-0.00931257229388784,0.0192913129401448,-0.0368098127565212,-0.00345193216579716,0.0227190161390274,0.00358977934816462,0.0570017365791927,0.0139249967920746,0.0492760656287608,
2008-06-30,-0.0411242908661882,-0.0883067359162182,0.00908907339049994,-0.0268798495326593,-0.0389973296798145,-0.0831543839583686,-0.0121643289545116,-0.0505881977961292,0.0526449499791897,-0.0206766855863015,
2008-07-31,0.0390049224504108,0.0320042584856487,0.0318909686241495,0.051306664499727,0.0211470804886623,0.00318810791825851,-0.00830024731705822,-0.0728170371838386,0.0483348365676794,-0.00689646414134328,
2008-08-31,0.013832536007213,0.0528389876319184,0.0100704113738999,-0.017091336747146,-0.0033699836605575,0.0274465826734875,-0.0379578584862964,0.0583227014986269,0.0502686135114167,-0.00324201951823645,
2008-09-30,0.00281248689439959,0.0290400970202429,0.0271664469452829,0.0257771481917265,-0.0230607051650246,-0.0135464587606956,-0.156768571740521,-0.00156600838646173,0.0583362716671784,-0.0190308514311592,
2008-10-31,0.050749799021262,0.000912944542914074,0.0639625631608089,-0.0500247091177856,-0.0931346639073755,-0.0441605582507813,-0.0216100188346717,-0.0905485561743833,-0.115075005897477,-0.0219949836265904,
2008-11-30,-0.0879224775511164,0.0217945801887539,-0.00573492114047115,-0.000756909727363725,0.00531961200162294,-0.0260706644295493,0.00159492888486518,-0.0604386642830361,0.0863103906743332,-0.0589744388013497,
2008-12-31,-0.0536115103025344,0.0109437895222257,0.044397863405897,-0.000176430507819125,0.0406250481101242,0.00785082296842267,-0.0509648649072987,0.0301959299864763,0.0137098847818494,-0.0286195218773771,
2009-01-31,-0.000701904512922395,-0.0665957202436858,-0.0155684490158558,0.0365285754766985,0.0402614257697818,0.0240603730712108,-0.00321246008971734,0.032492990861309,-0.0585244229971108,-0.00687813388174796,
2009-02-28,0.0326419213754985,-0.0157765645248917,-0.0519039070170585,-0.0905873548008198,-0.0249699496146919,-0.0222955621627443,0.0357786991756729,-0.0444924106211046,-0.113134973691697,0.00117628455991381,
2009-03-31,-0.00776963606335662,0.0088705362585064,0.0184974804845128,0.0154517527143094,-0.0120809747682672,-0.00800870064329413,-0.057029692995446,0.0492392508786738,-0.034734150544085,-0.0323985540888899,
2009-04-30,0.0623665467889738,-0.0734670590412307,0.0656438056297266,0.0855869862920262,0.0291080028986842,0.0681987961828118,0.0523377312646789,0.0469505454485271,-0.0549356135714419,0.0716178582014942,
2009-05-31,0.000682179004031697,0.0469654914301171,-0.00284464004069769,-0.020953587355781,-0.000685662852197809,0.0174877667427812,0.133712837836901,-0.0423874808773965,-0.0406275299801682,0.0518640001950095,
2009-06-30,0.0156396447506022,0.0418425898436489,-0.00569938939872758,-0.0295303900713136,-0.0231072219309329,0.0145848021564183,-0.0199712043717631,-0.00692459523856058,0.0149503601470888,0.0126191962137852,
2009-07-31,-0.0178535144619935,-0.0231120443745636,0.0105558887639398,0.0748443363401645,0.0245901434090123,0.037033028623858,-0.0425166061394765,0.00743554664611117,-0.022840726703034,-0.0118393263370328,
2009-08-31,0.0155845131046191,-0.0247260634954787,0.0264333210507059,0.117623970657651,0.00689731420249355,-0.013114288938542,0.225190576544918,0.0408200302933681,0.077200765013352,-0.00495665718774459,
2009-09-30,0.0168690033116894,0.0382804582876358,-0.00733741973734111,-0.0340143842557129,-0.003451994046752,0.0015430413947307,0.0029708877077066,0.0370691947147427,0.00124128939167986,0.0431679504235259,
2009-10-31,-0.00636328304978954,-0.0174556146097736,-0.018525847809841,-0.0255192462866265,0.0340745171761434,-0.0402152167813129,-0.0308176286988911,0.0253738368805373,0.0402410907922349,-0.0153806335614991,
2009-11-30,-0.0257101171585908,-0.0209133456655899,-0.0400432410656857,0.00728607519226621,-0.0363944727776606,-0.0250082152576265,0.0194265622499567,-0.0257020831063659,0.0155369633646652,-0.00130738017046238,
2009-12-31,-0.0191324462601048,0.0989069667140545,0.0401592703114975,-0.023473599285467,-0.00728569529596464,0.00139107841477817,-0.00462544640365095,-0.020622425301606,-0.0543361022172198,0.00881176355809989,
2010-01-31,0.0483574832793009,0.0073248704436277,0.0231574744209186,0.0359020159701335,0.0182963669675477,0.00391308175367886,0.0778142885441462,0.0355264942263836,0.0532465781688009,0.00766455154552973,
2010-02-28,-0.0078328975358838,0.0691027870362632,-0.00899612096633914,-0.00676803321523774,-0.00564702817463056,-0.0141128501019946,0.007385352408064,-0.0151432188385156,0.00212647744013333,-0.0106034071005308,
2010-03-31,0.0181783732990357,0.0519030309024698,0.0124504167432377,0.0162280101567281,0.00189106055057897,0.00421041248533945,0.0139639699646333,0.0322271729125627,-0.0893591139385271,0.00222500902999478,
2010-04-30,0.00264308689631641,0.027287637383495,0.0275651892262122,0.0217589390186692,-0.0118052558152738,-0.0280651769431964,0.0215281777276562,-0.0277650516071743,0.0507311521874444,0.0245705846117821,
2010-05-31,0.0241621275939399,0.000531190927295394,-0.00228046565218952,-0.0109483385508519,-0.0429722937113018,-0.0126681918856679,0.0106094059447069,-0.0199022725115169,-0.0293398400844184,0.00235375103729318,
2010-06-30,-0.0118695266587089,-0.0250435410804524,0.0156437310296576,-0.015579331497849,-0.0100185540355331,-0.0147969396206434,0.00517587849943466,0.00292018326433373,-0.0499182075742097,0.00651406849205636,
2010-07-31,-0.0134522942627849,-0.0134170932044246,0.0193787805090803,0.00879536826761602,0.02124405812866,-0.00240666313532682,-0.0163080001860826,-0.0141914542193422,-0.00530985919990495,0.00785450996718254,
2010-08-31,-0.00381078935598224,0.0113135809257324,0.0153427964345149,0.00119636356487233,-0.0143739439246981,0.00311118247814105,-0.00274512186972459,0.0516112964284004,0.0124790427183021,-0.04159526297176,
2010-09-30,-0.00658562071352106,-0.0298594115612694,-0.0203904670120654,0.0123279837496686,-0.00651900713841191,-0.00092322458144585,0.00883678300524136,-0.0053635821186479,-0.0256210997162806,0.00673278602342273,
2010-10-31,0.0349360144492481,-0.00930944021399874,-0.00621531735869035,0.00461807383942534,-0.024215418852326,0.000730284555475802,-0.00550160425372767,0.0109592104914924,0.061006941575598,-0.00252605341047286,
2010-11-30,0.00662773489036519,0.0365780659866518,-0.00957121320389636,0.00227389567656894,-0.0103166981305212,0.0220330709305056,-0.0116688499634098,0.00261093212828172,0.0154701712351358,-0.00499274197551028,
2010-12-31,0.0114036650652383,0.0452935501881438,0.0310424457054805,0.0297913582003905,0.0184691246028954,0.0595813200650096,0.0403788680890507,-0.0123393179086011,0.0106369416354846,0.0152126304792451,
2011-01-31,-0.0162266632744159,0.00302065253832547,0.0151847505296862,0.0163241091864923,0.0185430761109116,0.0199936172731174,-0.0279161240239639,0.0414875488987022,-0.0321636721933725,0.00288319377574062,
2011-02-28,-0.0278608438714788,0.0121317957870681,-0.00627874661389785,-0.00395690303759513,0.022005291590965,0.00105428332372452,-0.0156834105739414,-0.0209480744351917,-0.0797015176160598,-0.00929049736183389,
2011-03-31,0.0228058080772004,0.0165172226772701,0.00127107582641905,0.0123923891286308,-0.00575993894398832,-0.0198404787588964,-0.0188912301501459,0.00870279181562975,-0.0459841141996946,0.0281191706034134,
2011-04-30,0.0270539392692722,0.000181723898587203,0.00731188987714908,0.0188553222882713,0.0323126889911923,0.013310281546101,-0.00106957477363792,-0.0295847854446941,-0.0149417556284149,0.0296224843918482,
2011-05-31,-0.0175252787502015,-0.000173644849432922,-0.0175914063373966,-0.00285748682809585,-0.0111437691632495,0.0051285207368904,-0.00584795795307482,-0.0124481789498658,0.0170889409353687,0.0126050588256404,
2011-06-30,0.0243102715240368,-0.00886450888285951,-0.0068115990647517,-0.00424773754044587,-0.0165153607693018,0.011822898249217,-0.00831403680951617,0.00135796125162113,-0.0290391997861033,0.00295815211779517,
2011-07-31,0.00971375702187798,-0.0341915403021629,-0.00924748004120104,0.00510340440366542,0.0133641465477525,-0.00242799325874599,0.0111423354549347,0.00653931130670994,-0.000282278127055113,-3.61233020468484E-05,
2011-08-31,0.0045290948414909,0.0119508597836713,0.00643215141183573,-0.00804978719696886,0.00839029442604349,-0.00704829601516769,0.0202853928852374,0.0558386331926379,0.0484861939586721,-0.0258033457382994,
2011-09-30,-0.0204296717874249,-0.039528459040816,0.0202777583368926,-0.0121831837427187,-0.0135112696954462,0.018973719104606,0.00597344808839907,-0.0496005234042847,0.0210036066189377,-0.00132865752110596,
2011-10-31,0.00569733762094007,0.0435949157019422,-0.0216475630910155,0.0401253506979892,0.0283930135722219,-0.0159554537454673,0.00566200174094908,-0.0122802324696716,0.059356688859273,0.00467276841774102,
2011-11-30,-0.0107207713239648,-0.0275115617491991,-0.00849142475027692,-0.0213442108650004,-0.0229576180670237,-0.0198368334536259,-0.0226141913595503,-0.0053382596842513,0.0565437173613708,0.00486113129972117,
2011-12-31,0.00881312132827097,0.00686310866144596,0.00972247182815005,-0.0444354454269806,0.0192728060391332,0.0102358540484665,-0.00856925269447265,0.00667409271258069,-0.0677253646741102,-0.00132694978287941,
2012-01-31,-0.000714487052782466,-0.0165212607354982,0.0197182911827341,0.00599057529913981,-0.0325708536868996,0.0110100888851005,0.012928786618436,0.0204623931903926,-0.140784592405768,-0.00222787696219816,
2012-02-29,-0.012870088437664,-0.00992698338203729,-0.00227503864657648,0.0293285158446106,-0.00676973909756275,-0.0312085201490263,0.022143242721727,-0.024356849065937,-0.00813893157820424,-0.00277818194464665,
2012-03-31,-0.0108888831154192,-0.00239286476133982,0.0110112211461175,-0.0081967736728913,-0.00356936417843887,0.0244401031909838,0.0167886750548694,-0.0386792639630497,-0.0610072900748957,0.0035833422833315,
2012-04-30,-0.0067848851882496,0.00341983773296463,0.0109723850483777,-0.0448714891092583,0.00370130859221446,-0.0151980262193025,0.00234530281563777,-0.0182391709618437,0.002127373164128,-0.00646814971036439,
2012-05-31,0.000219941787910849,-0.0581810047090689,0.0151703286842786,-0.0114349901246663,-0.0421170443464636,-0.0146114058712378,0.0213858825681436,-0.0209910888627525,-0.0365618660419563,0.00788775998740311,
2012-06-30,-0.0422382571003921,-0.0130763309653903,-0.00901152004091457,-0.0154264043129867,-0.0228787889152243,-0.0363018310857721,-0.0041071549820599,0.0120478123960151,-0.0127374749705275,0.0252250835323666,
2012-07-31,-0.0468303177681003,0.00670684998947316,0.0135732660167783,0.0288819126723553,-0.0142287535391085,-0.016214042966933,-0.0118992940974106,0.0210642371010214,-0.107811288084024,0.0258160755238187,
2012-08-31,-0.0465365282153269,0.000335485234602213,0.0129194359172335,-0.00265803310934753,-0.00266089514133159,0.023133569254317,0.000792009973324036,-0.00740912066492661,0.134443348045343,0.0360112111194491,
2012-09-30,0.0184989643665404,0.0549401522106122,0.038959360413519,-0.010277633934453,-0.0175506454540671,-0.0132820053952292,0.00659789050111413,-0.0195576408696305,0.018630621423313,-0.00757587798436562,
2012-10-31,-0.00325492692151545,-0.00746157105072733,0.00566316773168902,0.00221076758800192,-0.0149549676827953,-0.0202665635127047,0.013416874536755,-0.00869533315348955,0.0007309631475408,-0.00517535556554794,
2012-11-30,-0.013120724545801,-0.0233297234202684,-0.0133354189617816,-0.0141786308543521,0.0257518747296416,-0.0045727648240952,-0.0008238617431378,-0.00628406938252153,0.0205050117070386,0.0252184436570813,
2012-12-31,-0.0186632735023258,0.0767500755315758,0.00374448947811824,0.0122173767354836,-0.00192350764654795,0.0191419349818298,0.00152326062719427,0.0116071871420116,-0.0804413149935821,0.0259797527605261,
2013-01-31,-0.0334584968599615,0.0121353717132703,0.033951445528546,0.00262188849008764,0.00416571549087878,0.0420038563857618,-0.0106238684171707,0.0277308192212095,0.0274052030154571,0.00275219071590248,
2013-02-28,0.00708074309899719,-0.0256319283556754,-0.0246718485025801,-0.0241740796280738,0.015600734796974,0.0198433918173871,0.00281386248783135,0.0222785145911576,-0.061735704482384,-0.0190796772346446,
2013-03-31,-0.0010021057150565,-0.0469917015136921,-0.0267420153828595,0.00571808838156879,0.00886582235557335,0.0172572974364032,-0.0063942962524001,0.00824653805215182,-0.0407422441580277,-0.014016861282927,
2013-04-30,-0.022441602222497,-0.0180045874536351,0.0271142458354058,-0.013182775817267,0.0111714824061403,0.00891310500684064,0.0146329385882097,-0.0241603585412871,-0.0392844882493215,-0.0142366558726703,
2013-05-31,0.0336434822421932,0.00219291869539703,0.00509298228477002,-0.00379063536840583,-0.0228359011460113,-0.00886885804956552,-0.0247311187988182,-0.0223689467703358,0.0455499153642971,0.00242600199742007,
2013-06-30,0.0212559331657273,0.00205537358677332,0.00819892932334895,0.00294626241750755,0.0205891063797273,0.00354392538876843,0.0128529214166253,-0.0382739238479376,-0.00673659344949977,0.00173815969838303,
2013-07-31,-0.0341356565707397,-0.0161265273988059,0.0247875937527261,-0.00573956131635291,-0.0143739922471125,-0.0173121079110914,-0.0174949123954077,-0.0075734838490772,0.0509862370327866,0.0284695789751195,
2013-08-31,-0.00954750663709157,0.0201449007484501,0.00290536131345707,-0.0452614302123674,-0.00598277697976674,0.0121185374347202,-0.00434199368169036,0.00581010934535051,0.0295368697219673,0.00844421115225787,
2013-09-30,-0.00446461862576058,-0.00424900706594114,0.003200234148251,-0.0242867050495736,-0.00311358713614066,0.0214266741380341,0.0131763228719878,-0.00629707217418266,-0.0137750455776113,0.00642090413567593,
2013-10-31,0.0201669496684774,-0.00838201144517887,0.0161924562311546,-0.0041041247733577,0.00184255313074747,-0.0211903682132799,-0.000983575525755363,0.0314616543505122,-0.0166392015171023,0.00902370227087369,
2013-11-30,-0.00999154407040803,0.025193609171851,-0.0209709536682181,0.00996854525070851,0.0130030672634461,-0.0168719881212751,-0.000609393916264946,0.0234067997781574,0.0856367584370213,-0.00466203506856854,
2013-12-31,0.038327577139279,-0.0137317822011783,-0.000728800260272208,0.00538416161578427,-0.0146067341789223,-0.0121529375386776,0.00562112677279826,-0.00625797966281812,0.00754144835651022,0.00773038940042241,
2014-01-31,-0.0184753676803611,-0.0307630647872391,0.00226171538745879,-0.00172518098621037,-0.0251830329462254,0.00993786235150346,0.0173768841523941,-0.00669536798911839,0.0461207189445396,-0.0115961672552352,
2014-02-28,-0.00628638781272415,0.00531243772357803,-0.03297335678857,-0.0205925293424536,0.0197362368804093,-0.0104425910077456,0.00641018015557413,0.0141667100493206,0.00615219299923727,0.0100263974872926,
2014-03-31,-0.00889683183736847,-0.00175844400093613,0.00544035702114875,0.0164202207878145,-0.00273321681546132,-0.00269309064357062,-0.00351266854814265,0.023198633623533,0.127283605536036,-0.0117980748752115,
2014-04-30,0.0298521197133145,-0.00228001370914975,0.0120462557092324,-0.00491579588321045,0.0223581404450636,0.000633256863667511,0.0202481549263579,0.0101176899227043,-0.00327275308869104,0.000461630822636512,
2014-05-31,-0.00860056770353657,-0.00511351685053198,0.00529642462897289,-0.0126496603590097,-0.0203345965978022,0.0348777077565545,-0.00225745488322126,-0.017185943790675,-0.0608856320567599,0.00290989680228426,
2014-06-30,-0.0305546574953053,0.00592225194202173,0.0101438013508254,0.000670018919594038,-0.00206905010807028,-0.00622199047923993,0.0053847706068582,-0.027791311911834,0.0173223653776858,0.0223278548416532,
2014-07-31,0.000439114575056139,-0.00912431836043786,-0.00916995988404347,0.0214424553474869,0.00627087526763623,0.00974103482593982,0.00131224243106812,0.0184134622737828,0.0381088563854582,-0.0194219732448665,
2014-08-31,0.0120247946085094,-0.00679363071713171,-0.00673166208574384,0.0181951618015138,-0.00873477247564799,0.00321273539085994,0.00709278945869089,-0.00509079508350688,0.0261638121314499,0.00718759888079224,
2014-09-30,0.0139327606448691,-0.0540330231043737,-0.0160037623337078,0.00942927763624642,0.00218370171880675,0.024097349881301,0.000691968820802091,-0.000443402045313198,0.00597327056588544,0.00201048851961431,
2014-10-31,0.0449707407207013,-0.0122073441495172,-0.0147772616137514,0.00906100981708449,0.000672535170449969,-0.0164871191409738,0.00108141655029926,0.00202974924089857,0.0126124552479196,-0.00911616036642583,
2014-11-30,0.0303602739826983,0.00336270780325769,-0.00261617939807582,0.00266949302989088,-0.0149783937309751,0.0044287941456013,-0.0209718577398684,-0.00345703089552651,-0.0161976387502627,0.00133940713750027,
2014-12-31,-0.0465040958046944,-0.00640086735371805,-0.00553093629375644,0.00015846334778292,-0.00657445943788062,0.00366764780061226,-0.00139469667126227,-0.00131612841664416,0.0318143747860204,0.0129077568781435,
2015-01-31,-0.00520542389624998,0.0430650617267038,-0.0379813813175237,0.00817140439888188,0.0145504690410776,-0.00648075003171724,-0.0137769703643216,-0.0230193752579834,0.0233039823797486,0.00680892576630055,
2015-02-28,-0.00533788606881147,0.0687388750372226,0.00699767650322239,0.0209748049441566,-0.0125660998663203,0.00420416069458911,0.00293018683536767,0.00301801410789265,0.119406042355319,-0.0022907079354062,
2015-03-31,0.0300572129915561,-0.00567892272010038,-0.00772796251714618,-0.00538415311123742,-0.019830455076981,-0.00449490724156067,-0.00450649327572136,-0.0262735538126359,-0.0570735796662623,0.0194081961557451,
2015-04-30,-0.00426637428418628,0.0094857708048952,0.0192986045681823,0.00980409890400281,0.0086477601951094,0.024780461303192,0.0177273830267695,-0.0132576614762106,-0.0764420030437953,-0.0108652263166337,
2015-05-31,-0.00652493359327977,0.00958978370640793,-0.0282859815807382,0.00709011256335287,-0.0493193993044529,0.00998412723552338,-0.000584620084581619,-0.0288428969328107,-0.128529795735506,-0.0120253739783831,
2015-06-30,-0.00948989719536377,0.0109839031009688,-0.0168660248073541,-0.000556217855028465,-0.0114581415156446,-0.0253496685470732,0.00316699388080472,-0.00942236442228536,0.00806048528307366,0.0153740134794643,
2015-07-31,0.0295836724433397,0.021430136866265,-0.0102854065669529,-0.00617255867726932,-0.00961612059221596,-0.024152907763863,-0.00493515013972769,-0.0164738527360314,-0.0250157137591721,-0.0119480707490949,
2015-08-31,-0.0418947488195931,0.00247681548774959,-0.00199601412151789,-0.0159075177299929,-0.000992860445476328,0.00526688196812225,0.00121042287501226,-0.00679736363319831,0.105282516371512,0.0418417332025362,
2015-09-30,-0.0439975025944271,0.0277000780620235,-0.00660102656922312,-0.0455445476536463,-0.0327508743519479,-0.0279472672242758,-0.00247781372067566,-0.00346693538612536,-0.013635807940238,0.0170893768961472,
2015-10-31,-0.0979392934642397,-0.0659224181362191,-0.00382433201668599,0.0262837930919517,-0.0258158580065244,0.0434839509740294,-0.00232477228099942,-0.0365456682027608,0.0218569833039013,0.0272304856365799,
2015-11-30,-0.0465776635075014,-0.0469424923685431,-0.00496728109402937,0.0378331891473162,0.0055586487592631,-0.0151532791859391,-0.00164797383807999,-0.00126384188065855,-0.00970080880080286,0.0111301914280189,
2015-12-31,-0.0081902581943521,-0.0134607697304211,-0.00873288733422356,0.00504037708936641,-0.00945785012852382,-0.00992540366907244,-0.00942128494807804,-0.0146690410805052,-0.0657289966151544,0.0110871517707246,
2016-01-31,0.107902743882752,-0.0989184455711027,0.00415197629732377,-0.0180549092478474,-0.0317313691784831,0.00685179641740921,0.00906464938690581,0.00119993051640369,0.00237118387565674,0.0114632415053231,
2016-02-29,0.00184869010656089,-0.00529411739041831,0.0212119875878349,0.00711986567083308,0.0223505986427574,-0.013314627183502,-0.0103548619330872,-0.00967418262335005,-0.0607104303484104,-0.0241698732278894,
2016-03-31,-0.0972306413236819,-0.04532478210529,0.0194045090537909,-0.037013219117194,-0.0161686910696825,0.00744019834507292,-0.00181574698851295,0.013553129242505,0.0222004428457615,-0.0040942909976855,
2016-04-30,-0.0411052926123513,0.0393179678172696,0.0167272388839965,0.00687205645052573,0.0245689622372971,-0.0495070490728196,0.00659716563092591,0.0272883292572741,0.00741127453587391,-0.0139981951052928,
2016-05-31,0.00108823548422608,0.0484265464076867,-0.00989392732502658,0.00454493310005115,0.011289795117281,0.0248186070491229,0.00283186187669691,0.00507375441360079,0.0595522057427394,-0.00888871270399732,
2016-06-30,-0.0213756268909717,-0.0399002992741423,0.0163119844291982,0.00996326588952864,-0.00172594457269772,-0.0305189759081343,0.00457373952323843,-0.002007255810342,-0.0857904176892748,0.00277332437271464,
2016-07-31,0.0102192628693295,-0.0182047982339449,-0.0141049345216123,0.0170995331708143,-0.00689044732024896,0.0306162428997667,0.001631861821759,0.00871137466941174,-0.0441618245307279,0.00117811427629382,
2016-08-31,0.0296287094499179,0.0365367246000064,0.00175041288547229,0.0108296862520405,-0.00246499394336292,-0.0202840122694997,-0.0116479908413009,0.0368032373986035,0.013296720498972,0.0103971037744598,
2016-09-30,0.00429669490050835,-0.0253600339118731,0.0094295713491883,-0.0175295383258588,-0.0122584581431075,0.0076645558761227,0.0101837353990867,-0.00214533346429092,0.0266203722394196,0.00990678377505242,
2016-10-31,0.0617612297952095,0.00514047367618135,-0.0192553827598082,-0.0351442058326029,0.0231657995251171,0.0205854773098516,-0.00894064303257149,0.0137430436661377,-0.0638205565489023,0.000648901175240437,
2016-11-30,-0.0157075807711585,0.11753784323288,-0.00638353605958109,-0.0190120904091232,0.0237822903912049,0.00475281945977428,0.0127386379161313,0.00231263751532028,0.00464164635055682,0.0099678002587759,0.0239406385745605
2016-12-31,0.00843109072300405,-0.0127104529739357,-0.00788935036423525,-0.00561706327656769,-0.0103950030320384,-0.0077310373954802,0.00234282052521771,-0.0117562777271141,-0.00845272301323634,-0.0123489002864165,-0.0198194095219613
2017-01-31,-0.013360368165975,0.0407316395038768,-0.0193702386270918,-0.00134996669249941,0.014877591418336,0.0270357314469272,0.000767812061179038,-0.00572308313264853,0.0337712212189898,-0.0137849213885248,0.0333435254696776
2017-02-28,0.045929363289359,-0.0589758931395931,-0.00979643268172805,-0.0131744611732769,0.0216393503827644,0.0320910689812642,-0.00228417802470978,0.00591174955491696,0.0637751844208501,0.0147852996520265,-0.0337284966390043
2017-03-31,-0.00857880539907323,-0.0174387179489816,0.00560256039492216,-0.0134157676527934,0.0192082242415533,0.00539914171234461,-0.0013001096672959,-0.0179154799422367,0.0362545834793107,-0.00523570955317852,0.00600660797415398
2017-04-30,0.0195653091297907,-0.0385934097952415,-0.0244096541930563,0.000928519807436015,-0.0102066158404387,-0.0258841601602756,-0.00216425029534956,0.0162944915651423,-0.0365751950438122,0.0165474969514911,0.0121089255228638
2017-05-31,-0.00763173903668213,0.0260877711940696,-0.0293873197150745,-0.011642345967642,0.0159714791310566,0.00472774599221351,-0.00235969038543229,-0.0252394655121967,-0.0129701695691438,-0.00251183136624175,0.0231445699358628
2017-06-30,0.00338939657711622,0.00150831873584787,0.0408026683512939,-0.027098821837253,-0.0129837355882512,-0.00361868275132638,0.00746577998214156,0.0125123778820066,0.0187586288006965,-0.00124196522244174,-0.00372052769539936
2017-07-31,-0.0150017470710617,0.00546935240144116,0.00801915226361449,-0.0135949595651701,0.0027668849179576,-0.011908067403596,-0.00756528721002529,-0.00649494941873389,-0.0378073426827432,-0.0274788699703462,0.0101348082393098
2017-08-31,-0.0182743017053554,-0.0500923807590784,-0.00509444697966678,-0.0313379631603685,-0.00211460521319987,-0.0356512606938301,0.00768006872260983,-0.0293827283212536,-0.00988939812563883,-0.0183601242385827,0.0014148815263313
2017-09-30,-0.0105246747498266,-0.0606278945209172,0.0214192037064383,-0.00455574914502896,0.00188956263688443,0.0130419235142576,-0.00206826257935911,0.0129141443351917,-0.0452843201958571,-0.00115030568570559,0.0125933676841721
2017-10-31,-0.0236217538847089,-0.0134198979418702,0.00622697451307049,-0.0409293329932763,-0.010507152196465,-0.0140973407731981,0.00527303961193123,0.00438896836757048,0.0397408475427453,0.0239030108736287,-0.00971135828960006
2017-11-30,-0.00979019507350294,-0.0112414743097359,-0.0193754367653224,0.00836499585770942,0.0149816940089542,0.00900496097014938,-0.00774682348286612,0.0149751953986783,-0.182554870874947,0.0226106571352471,-0.012496444452196
2017-12-31,0.0212230586759904,-0.0149833054423862,0.00161579446361279,-0.0178510713706419,0.00115779030329122,0.0328300191100995,-0.00425822749815513,0.0103087123010985,0.0592306878955757,0.0219346510731125,0.0010791267000835
2018-01-31,0.000598195105692964,0.0077236357861526,-0.0172743584994174,0.0183883733008984,0.0306726470311181,-0.00962038309208701,0.013607005070052,-0.027524684259202,0.0420696963258308,0.00267328756364648,0.0137835763826136
2018-02-28,0.00986186567561759,0.00217779874431857,-0.012735031058165,0.0039044989004384,0.00462686205693583,-0.00145127696275506,-0.00824003225940032,0.0250716431318156,0.0440188565291068,-0.0017237119798485,0.0189345047996585
2018-03-31,-0.00451422101164771,0.0187135928439789,0.00696585520101912,0.00462244190240964,0.00270291015050599,-0.0240039283216702,-0.0146252717681276,-0.00971769672041397,-0.0220802392835906,0.0201877782774212,-0.00544223589537598
2018-04-30,0.0264115735966797,-0.00200057219947605,0.011674465145873,-0.0215402989613073,-0.0458779531589669,-0.00375869748461722,-0.00365250224509565,-0.0106563449554813,0.0954843902436071,0.00195429395202902,-0.0283491694080296
2018-05-31,0.0188853952797512,-0.00737746914521042,-0.0138760166867247,0.0276403017336158,0.0266355675881063,-0.0132104768599599,-0.00778340586017326,0.0146471822857014,0.00230400092189735,0.0287187156669964,0.000859589431054176
2018-06-30,0.00396291199131327,0.00257773555280685,0.00691375672705764,0.0360277957917899,0.0102677728831846,-0.048939674161381,-0.0016706260823564,0.0039780091928818,-0.0408562506842952,-0.00180115657017336,-0.00217564797035825
2018-07-31,0.0180374812015418,-0.0393648630867044,-0.0100877454731287,-0.00650010571558291,-0.0482082110907425,-0.0182214302799643,0.0191944114751425,0.0274666587983314,-0.00769903044636948,-0.000125944967843485,-0.00370541147936259
2018-08-31,0.0229984407001818,0.0420547143698771,0.00872418516340739,-0.0109980727844879,0.00774833214046009,0.0274086348227716,-0.00740517863554069,0.0160978529924924,0.0935780088112366,-0.0151562537859564,-0.00315293872464639
2018-09-30,0.0144983008235986,0.0278323130146261,0.00461170870411033,-0.00613161403547987,-0.00429341664293523,-0.0250957496617649,0.0280181887244172,-0.0152727129022542,-0.0161009672426768,-0.00922860575247023,0.0225898874413296
2018-10-31,0.0337285397930022,0.045700504772005,0.0263602829024656,0.00370695000321902,0.0206302598448569,-0.0142385835629421,-0.0226478931025716,0.0370569899166966,-0.0203742906686044,0.0018496244931598,0.0361545306569879
2018-11-30,-0.00868800947567738,0.00593573795764885,-0.0112308628457961,-0.00238426524961115,-0.00970160125881467,-0.0458763665982776,0.0137539678016226,0.0101886373717393,0.0139723889838037,0.0260379601747571,0.000593963803052953
2018-12-31,0.0290023428025438,0.023924612253832,-0.0031287450006353,-0.00228738676334257,-0.036992548088154,0.00347007530137301,-0.0129329433643233,-0.0308554330810727,-0.0559812839683816,0.00844393498161731,-0.0282770924309602
2019-01-31,-0.0334210423636471,0.0434395812606336,0.0238088950083765,0.00957088712904795,0.0139283928636922,0.0227741606416213,0.00269226546156373,0.0320155772607552,-0.00911953758808301,-0.0954850563183848,0.00971662670666362
2019-02-28,-0.00295546770717278,0.0180174818102543,-0.000972461094011626,-0.0104247267155033,-0.0543827242361919,0.0148123718110399,0.00416373569077884,-0.0347045450845121,-0.00531850075887108,0.0515067531314008,-0.02894125456881
2019-03-31,0.0335172106737875,-0.0265732088169485,-0.00987841206479678,0.00556954939606351,0.0123307078160542,0.0195411215203245,0.0104801051570185,-0.00787213121521794,-0.0433372998980006,-0.00306767323851647,-0.00546555381447753
2019-04-30,0.117940973295087,0.0178011027100383,0.015853629861835,0.0500598132191178,0.0175288283357459,0.0115842453962394,0.026985930558887,0.000465335673394462,0.0435454640509674,-0.00197207818932294,-0.0121932193278358
2019-05-31,-0.00298615222785986,-0.0218146389762778,-0.0288028481822067,0.00940092969276221,-0.0484371929477631,-0.0353540450755408,-0.0162812413478035,-0.00761440816901289,-0.0101410158862672,0.00653358576084907,0.00686485688043047
2019-06-30,0.0317245976115219,0.0482181480795576,0.0114845196721932,-0.022625378945737,-0.00696774045099589,-0.00211880022436031,-0.00111659943082378,0.0164669332877393,-0.00799001088717804,0.022030937824246,0.000917027517958427
2019-07-31,0.0128292519546838,0.0173140300102814,0.0144663487235045,0.0217868531308433,0.0116092482746626,0.00523292793355546,0.00488347782552375,-0.02389486290693,-0.0204380181398821,0.0147316249783585,-0.0180379380420041
2019-08-31,0.0125745999719371,0.0405510857488699,-0.0153476427964476,-0.00199301894546855,-0.0657106536403385,-0.0450233652188658,-0.00812018093404265,-0.0211705733320405,0.00894610473889369,-0.0426993005560532,0.0266540895295888
2019-09-30,-0.0143727665319423,0.0378034139681777,0.0219842392213296,0.00150676880590345,0.02523734823403,-0.00494623819104908,0.000921339263277671,0.0161505533703266,-0.00571191204270863,-0.0116018765059637,-0.0123637295914431
2019-10-31,-0.0195775992640468,0.0209397969023421,0.0419274316493224,-0.0202531914542812,-0.00658073024817531,0.0340086214238783,0.00731305030707875,-0.00834960088316327,0.0441389705359998,-0.011771075460941,0.00390833385317784
2019-11-30,0.0186594387178556,-0.0295236399692922,0.000949804126850404,-0.00793977230974013,-0.0208302139184497,-0.00506454404723015,-0.00430374925545299,-0.000922206030008137,-0.0300560075355525,0.0270633900940003,-0.0269327713389446
2019-12-31,0.0232621912715368,0.00854779664667712,-0.0120828363663301,0.0213799850426264,0.00522201534932357,-0.00022796476051656,-0.0128516300903281,-0.000115351209937404,-0.0152037234359955,0.0164536721308334,-0.0206234257716344
2020-01-31,-0.000932587123535625,0.00176184884806053,-0.00969273773895983,0.0195512327393889,0.0125216908618982,-0.000394432057140515,-0.00958384785815022,-0.0311431560943047,0.0336988039270691,-0.0120966782221438,0.0394056574578086
2020-02-29,-0.0125231929798911,-0.0042429506300635,0.0200741468809483,0.00606392676975386,-0.0110275488484992,-0.0117783565723912,-0.00714426598934878,-0.0128903827214483,0.0178745457940163,-0.012081800165815,0.00983576572097455
2020-03-31,-0.00419945425784518,-0.0350521019158999,0.0912694465109205,0.012771546938856,0.0729788052235864,-0.00350235618443862,-0.0104719792006979,-0.0416277811028856,0.00398338110693272,0.00907661212162994,-0.063095621581264
2020-04-30,0.024359692067364,-0.0109218146735583,-0.03140475327064,0.0527294981924053,-0.0236516683689346,0.0259598612835647,-0.028843839770735,0.0228162261170411,-0.0201603824808061,0.0122127112531431,0.0176663593813625
2020-05-31,-0.0715990942083417,-0.0633442386620773,0.013047596984324,-0.0624745307053505,0.0107181975523383,-0.0204169311408479,-0.00667406288033917,-0.0112700753129146,0.00212528265750125,0.00721583976136331,0.0300791064061931
2020-06-30,-0.0171928039470239,0.0168215667619543,-0.0284542764853704,-0.0323072527382695,0.0279856200351979,-0.00440295534966235,0.0267589237833093,-0.0211894013631624,-0.0463642911923891,-0.0160161982768092,0.00669298956745962
2020-07-31,0.0116557577587874,0.0179415873481413,0.0300259191479205,-0.0505525660643846,-0.0610839858967861,0.0515800326309812,0.00173959324542792,0.02286754347348,0.0156954244927045,0.0180388504025998,-0.00647765730373441
2020-08-31,-0.0147990831179409,0.067550400420014,0.00707765125176273,0.00395380742385268,-0.0178023614133627,0.00828035051283188,-0.000905659598392717,-0.023809851781478,0.038837115229676,-0.0171379167086423,-0.017565534853848
2020-09-30,0.0392795904519209,-0.00256269244589716,-0.00835635552348978,-0.027605893428007,0.00563531009024853,-0.00244344352815484,0.00939521445518385,0.0135479081263894,0.0105429760885072,-0.0132145828324606,0.0274245819567684
2020-10-31,0.0606134124510211,-0.0408380527883332,0.00930140464801234,-0.028229751267059,0.00029567113871979,0.0420254957651668,0.0246053722650623,0.00128029762169012,0.00532207159919982,0.0045978390798682,-0.0124495380443012
2020-11-30,-0.0360082586483964,0.00304724494024197,0.0307661995524231,0.13109722576028,0.0038662007936338,0.0199035619761364,0.0436908906612969,0.00113846403039933,-0.0176440122482846,-0.00605183162310635,-0.0158179043518731
2020-12-31,0.0230312867420618,-0.0233411133811863,0.0281112901214889,0.0105082553904585,0.0086963445742512,-0.00180142044388262,-0.00451066096309258,0.00262456129642973,0.037657402896761,0.0451538910685468,-0.0024488127692452
2021-01-31,0.0294513053254931,0.0195634706502771,0.00215394968340692,-0.0639679472062857,-0.0203167449350738,0.0154870495808277,-0.00791076296276379,-0.0213994083234474,-0.061351138910188,0.0368210731014756,-0.00149389118990463
2021-02-28,-0.00955956027843677,0.00903475962734124,0.0499548387179662,0.0902597047338287,0.0150302411695517,0.00486425023705346,-0.002293709299095,0.0177575220936543,-0.0451451538822552,0.00886368797185907,-0.0386656192787864
2021-03-31,-0.0758622971383308,-0.000375759761117325,0.000612014001710334,-0.0190981081608654,0.0140482099267461,0.00647089452663742,0.00897702460825671,-0.00663800382248394,-0.0704380028380074,-0.0351737281756836,0.00213992087171932
2021-04-30,-0.0243621327218376,-0.00180398046386591,-0.0220987511081203,0.0163271996093034,0.00296014497043187,-0.0136977994640354,-0.00586745185854959,-0.00765603335960476,-0.0466897243044969,0.00812611228514337,0.00799996559021049
2021-05-31,-0.0275106843578825,0.00692007468843879,-0.00665458672162891,-0.00971481712205566,-0.0108890070126517,0.0139435068662751,0.00436637031480814,-0.0108974400452501,-0.0319135491321689,0.0107383488787592,-0.000400334439167024
2021-06-30,-0.0683071389555255,-0.0347843450336736,-0.0299422153455405,-0.0249859199435684,-0.00536862878524061,0.01820888632265,-0.00729576952788239,-0.00867582848382373,0.0287880444375951,0.00992102171338777,0.0100543975761282
2021-07-31,0.0258175905209296,-0.00245304094240055,-0.0370105705196487,-0.0631889335625891,-0.0324158512978702,-0.0122837234548907,-0.004235103015874,-0.0130742180404716,-0.00518778347655567,-0.0102145812109411,0.00208449477152488
2021-08-31,-0.00453088145208706,-0.0219033712106591,-0.00762932228663614,0.0136514286654573,-0.0209849353914708,-0.0271536346490471,-0.00534847616614664,-0.0386937308075736,0.0473777506543144,0.0099417124044939,0.0024086558137423
2021-09-30,0.0467194247501711,0.0430655268554429,0.00511203999287432,0.0380582773315193,0.0160663082484743,0.0355620407060549,-0.0163811307388177,-0.00348344641047243,0.00807931884426826,0.0102871260401019,-0.00601157386936312
2021-10-31,-0.0467777044338843,0.0499084114766094,-0.0238106240327343,-0.0285442725386431,-0.00165633635672699,0.0185447204231289,-0.000429570269837712,0.00999138910814545,-0.008626101416879,0.0194690143585708,-0.0106033525302134
2021-11-30,-0.000862444441697897,0.00506275281737179,-0.0128997729931886,-0.0260541225772052,-0.00630644532435995,-0.0154187903649796,0.00472726853186451,-0.035567579930854,-0.0411860354528158,0.0232967575140974,0.0172666655591154
2021-12-31,-0.0295354719558508,0.0207171277625687,-0.0280779062565206,-0.0028692903946025,0.0425381783865673,-0.0114890321023458,0.00980742129024036,0.0283747749466927,-0.0179422281755744,-0.015627586241823,-0.0118090226842595
2022-01-31,-0.0273009932916496,0.00730271807418045,0.0111149256179998,0.037248364086489,-0.0120485993622474,-0.0373487758048362,0.00789092621610961,0.0236996829231148,0.0386258184044721,0.00713218802376921,0.0294632453465594
2022-02-28,0.00925277717736089,0.0421003789283255,0.0530867543116783,0.0336847969032072,-0.00498009851673811,0.0316719936827303,0.00369288629329761,-0.0268050087162648,0.0165215004706349,0.010249084346649,0.00229418681313992
2022-03-31,0.0744587774403727,-0.0469543680551663,-0.0125699438188916,-0.00370280298625621,-0.0372617402145724,0.0206721200815045,-0.0568453792017812,-0.0152858772705792,-0.0519150058058824,-0.0106050079915053,0.00259837382154846
2022-04-30,0.00574371950396691,0.04476954427795,0.0160069629021,-0.0261331460367805,0.0103360863946872,-0.0079513042108408,0.00936094088846753,0.0114587539616558,-0.0486810675964928,0.0072618891904686,0.0163506457903188
2022-05-31,-0.034328532210329,-0.0013148226674846,0.00638844674278683,0.0168524993936153,0.0294909363555167,-0.0190042420369222,0.0103435589672961,0.00456297814849949,0.0087251297747874,-0.0203147153950947,0.02258892211709
2022-06-30,0.0124300155290837,0.0242103978188567,-0.0236597101335201,-0.0124337096404539,0.0248816632156286,-0.00941632719986742,-0.00602472783179439,0.00933902426953087,-0.0101413228815691,-0.00520693303000609,0.0593137888773935
2022-07-31,-0.0271872552185222,-0.0370964340308249,0.00354270346078005,-0.0125876707339449,0.0221370718237802,0.0289502266946679,-0.00797301451721045,-0.0290874930669878,-0.0121008043861349,-0.00546066897456748,-0.00229858585904322
2022-08-31,-0.0122551717281748,-0.0329341226100573,0.00413143295059978,0.0202532912505176,-0.0153874812166606,0.0260680965408483,-0.00202550571755489,-0.0126645589747903,0.00560128772583771,-0.00143677387315184,-0.0188005038057139
2022-09-30,-0.0120382148955602,0.0374510474287914,-0.0125106461729573,-0.0330431348115209,-0.00274634006150792,-0.0114694025973533,-0.0304951368595517,-0.0302165494717776,0.0198817978641811,-0.0107988945741893,0.023950161880473
2022-10-31,-0.0105799490872825,-0.0268488561348891,0.0346842483054045,0.0505894862798745,-0.0180206914369208,0.0200056793539141,-0.0384931650440426,0.0162773231202331,0.0532316046682015,-0.0272042212722003,-0.0440472433364954
2022-11-30,0.0217922214900686,0.0149529044591663,0.012456445591392,-0.0252388016665411,-0.0183536777505293,-0.00514245510615845,-0.00325928135984457,0.00910725718700336,-0.111612814641207,0.00292219422225304,-0.022011487740605
2022-12-31,-0.0610045212814791,-0.0132526761395768,-0.00184246830168337,0.000163984101229669,-0.000595954239191419,0.0166955959814004,-0.0212004929800044,-9.70015595349177E-05,-0.0362090135006951,0.00733555074135871,0.00155593392259309
2023-01-31,-0.0170719522109475,0.0201532112132563,0.0219772680263229,-0.044799858545932,0.0310209229725825,0.0641553085587861,0.0159483986946601,0.0816324383240963,-0.0200480973270599,-0.0176503305184304,0.00560781168732834
2023-02-28,0.0157985044865532,-0.0110262009777602,-0.0128177675365957,-0.0172446763273129,-0.0105532367890305,0.0788127182296271,-0.0271894912402595,-0.0126402615395658,-0.0976461728437252,-0.0221048737714276,0.0218287947851908
2023-03-31,0.0170766270354789,-0.00126845395802399,0.000360243368482825,0.00273635511524783,-0.0024598292817903,0.00898948688053903,-0.0858046273479323,0.00667887131225344,0.0968313700583722,0.0052500018857074,-0.0127872436022121
2023-04-30,-0.00799105573375003,0.00353285470685034,-0.0132732101990541,0.0302061257285546,-0.0122136267025265,-0.0252475016720688,-0.0686845391462156,0.0425403284577721,0.0887783357691925,-0.00656589996141399,-0.0211669513412679
2023-05-31,0.016537492051222,0.0245106949290274,-0.00188203283361345,-0.0132072280338585,-0.000792138521260435,-0.00579310718241356,0.0157801576270686,-0.0171361540168552,-0.141381804121242,-0.00479603558133779,-0.0231889095385575
2023-06-30,-0.0253744728005533,-0.0427512659298541,0.00615255534974665,-0.0125549034586367,0.0344229191394756,-0.0103141358182202,-0.00242930390699468,-0.0223969277650551,0.0248401937940664,0.00683913450978197,-0.0300495880768517
2023-07-31,-0.0280018864384079,0.0619379404294494,0.0218272322562913,0.0270693539260319,0.0102903300657549,0.0234507488075404,0.0140616342024721,0.0154176145600265,0.0203923066808037,0.00903534401668424,-0.0459121391540917
2023-08-31,0.0161228378189772,-0.0287637523458911,-0.0139121331936292,0.00237887961470747,-0.0574912745235001,0.0315099743577109,-0.00194416681707442,0.0182884329847872,-0.0232433379167682,0.0227485470969553,0.0331498403754079
2023-09-30,0.0181840145303193,-0.0192267621962581,0.0158981120266759,-0.0154407222179586,-0.0235781989531339,-0.00473005122451799,-0.00727731422921617,-0.0370019978142168,0.00763057371123814,0.0140684204499483,-0.000580462280697636
2023-10-31,-0.00322181165708463,-0.0149637096904609,-0.0102047660699913,-0.0505129789061059,0.00199813993035428,-0.00127953518820934,0.00822449753043113,-0.0335673806380947,-0.0308384587246096,0.0121705916782376,-0.00206880039917838
2023-11-30,0.016458088454497,0.0364682818835947,0.0318123766921941,-0.0149621574239083,-0.0152382847146981,0.00185954428684185,0.0112950703062427,0.0132597749674031,-0.0100116288360072,-0.0163067119872599,-0.0047715362220046
2023-12-31,0.00371751200212025,0.0249548362291649,0.00760900182406157,0.00885662660320498,0.0364030833561175,0.0486248806448259,0.0813913946354689,0.0377421356528594,0.0160311079992626,0.0347068048209672,0.0493796567940125
2024-01-31,0.0428981745770729,-0.0734670254205338,-0.0155605445733904,-0.023860694353083,-0.0397629177301974,-0.00311553297739681,-0.0519376748419556,-0.051875616245224,-0.0577347753712802,-0.0313369553375032,0.00426922451070048
2024-02-29,0.022485919033658,-0.0162312544532954,-0.00662385706817686,-0.00439977260100277,0.035453626861143,0.00128157174687623,-0.000222638442503149,0.00292991366703996,-0.0163758759247987,0.0159904105482276,0.0103912903703258
2024-03-31,-0.00704223463045922,0.0114285465617401,0.00531960604084014,-0.00438866623272859,-0.0469205213299581,-0.0465828722233377,0.018954938244098,-0.0127503346704675,-0.0454319406642442,-0.0172467700522483,-0.00406210812094427
2024-04-30,0.00107806278399097,-0.0135728920192676,0.00431837670545223,0.0176588815315943,0.00368138898309246,-0.00935504378957033,0.00116892059659002,0.00921097015482753,-0.0298856601772006,0.000520410821058078,-0.0194381774842407
2024-05-31,-0.00473844952742428,0.0311673480540224,0.0146157186392538,-0.0413280292305606,0.00339362424544483,-0.00974216711668564,-0.00288329019668565,0.0212459921032676,0.0313650314999461,0.000260479434272584,-0.000592437012058487
2024-06-30,-0.00492218718709031,-0.00214653283686124,0.0135621955123375,-0.00208098405028509,-0.0161243208526818,0.0227555602928321,0.00730434793645564,-0.0714684417068824,0.0121022355048049,0.00851163748879068,0.0005567033922547

